###############################################
# 1098 ternas para nudos
# Version 1
# 2023-03-23 19:24:02
###############################################
[2 3 5]
[2 3 7]
[ 2  3 11]
[ 2  3 13]
[ 2  3 17]
[2 5 3]
[2 5 7]
[2 5 9]
[ 2  5 11]
[ 2  5 13]
[ 2  5 17]
[2 7 3]
[2 7 5]
[2 7 9]
[ 2  7 11]
[ 2  7 13]
[ 2  7 15]
[ 2  7 17]
[2 9 5]
[2 9 7]
[ 2  9 11]
[ 2  9 13]
[ 2  9 17]
[ 2 11  3]
[ 2 11  5]
[ 2 11  7]
[ 2 11  9]
[ 2 11 13]
[ 2 11 15]
[ 2 11 17]
[ 2 13  3]
[ 2 13  5]
[ 2 13  7]
[ 2 13  9]
[ 2 13 11]
[ 2 13 15]
[ 2 13 17]
[ 2 15  7]
[ 2 15 11]
[ 2 15 13]
[ 2 15 17]
[ 2 17  3]
[ 2 17  5]
[ 2 17  7]
[ 2 17  9]
[ 2 17 11]
[ 2 17 13]
[ 2 17 15]
[3 2 5]
[3 2 7]
[ 3  2 11]
[ 3  2 13]
[ 3  2 17]
[3 4 5]
[3 4 7]
[ 3  4 11]
[ 3  4 13]
[ 3  4 17]
[3 5 2]
[3 5 4]
[3 5 7]
[3 5 8]
[ 3  5 11]
[ 3  5 13]
[ 3  5 14]
[ 3  5 16]
[ 3  5 17]
[3 7 2]
[3 7 4]
[3 7 5]
[3 7 8]
[ 3  7 10]
[ 3  7 11]
[ 3  7 13]
[ 3  7 16]
[ 3  7 17]
[3 8 5]
[3 8 7]
[ 3  8 11]
[ 3  8 13]
[ 3  8 17]
[ 3 10  7]
[ 3 10 11]
[ 3 10 13]
[ 3 10 17]
[ 3 11  2]
[ 3 11  4]
[ 3 11  5]
[ 3 11  7]
[ 3 11  8]
[ 3 11 10]
[ 3 11 13]
[ 3 11 14]
[ 3 11 16]
[ 3 11 17]
[ 3 13  2]
[ 3 13  4]
[ 3 13  5]
[ 3 13  7]
[ 3 13  8]
[ 3 13 10]
[ 3 13 11]
[ 3 13 14]
[ 3 13 16]
[ 3 13 17]
[ 3 14  5]
[ 3 14 11]
[ 3 14 13]
[ 3 14 17]
[ 3 16  5]
[ 3 16  7]
[ 3 16 11]
[ 3 16 13]
[ 3 16 17]
[ 3 17  2]
[ 3 17  4]
[ 3 17  5]
[ 3 17  7]
[ 3 17  8]
[ 3 17 10]
[ 3 17 11]
[ 3 17 13]
[ 3 17 14]
[ 3 17 16]
[4 3 5]
[4 3 7]
[ 4  3 11]
[ 4  3 13]
[ 4  3 17]
[4 5 3]
[4 5 7]
[4 5 9]
[ 4  5 11]
[ 4  5 13]
[ 4  5 17]
[4 7 3]
[4 7 5]
[4 7 9]
[ 4  7 11]
[ 4  7 13]
[ 4  7 15]
[ 4  7 17]
[4 9 5]
[4 9 7]
[ 4  9 11]
[ 4  9 13]
[ 4  9 17]
[ 4 11  3]
[ 4 11  5]
[ 4 11  7]
[ 4 11  9]
[ 4 11 13]
[ 4 11 15]
[ 4 11 17]
[ 4 13  3]
[ 4 13  5]
[ 4 13  7]
[ 4 13  9]
[ 4 13 11]
[ 4 13 15]
[ 4 13 17]
[ 4 15  7]
[ 4 15 11]
[ 4 15 13]
[ 4 15 17]
[ 4 17  3]
[ 4 17  5]
[ 4 17  7]
[ 4 17  9]
[ 4 17 11]
[ 4 17 13]
[ 4 17 15]
[5 2 3]
[5 2 7]
[5 2 9]
[ 5  2 11]
[ 5  2 13]
[ 5  2 17]
[5 3 2]
[5 3 4]
[5 3 7]
[5 3 8]
[ 5  3 11]
[ 5  3 13]
[ 5  3 14]
[ 5  3 16]
[ 5  3 17]
[5 4 3]
[5 4 7]
[5 4 9]
[ 5  4 11]
[ 5  4 13]
[ 5  4 17]
[5 6 7]
[ 5  6 11]
[ 5  6 13]
[ 5  6 17]
[5 7 2]
[5 7 3]
[5 7 4]
[5 7 6]
[5 7 8]
[5 7 9]
[ 5  7 11]
[ 5  7 12]
[ 5  7 13]
[ 5  7 16]
[ 5  7 17]
[5 8 3]
[5 8 7]
[5 8 9]
[ 5  8 11]
[ 5  8 13]
[ 5  8 17]
[5 9 2]
[5 9 4]
[5 9 7]
[5 9 8]
[ 5  9 11]
[ 5  9 13]
[ 5  9 14]
[ 5  9 16]
[ 5  9 17]
[ 5 11  2]
[ 5 11  3]
[ 5 11  4]
[ 5 11  6]
[ 5 11  7]
[ 5 11  8]
[ 5 11  9]
[ 5 11 12]
[ 5 11 13]
[ 5 11 14]
[ 5 11 16]
[ 5 11 17]
[ 5 12  7]
[ 5 12 11]
[ 5 12 13]
[ 5 12 17]
[ 5 13  2]
[ 5 13  3]
[ 5 13  4]
[ 5 13  6]
[ 5 13  7]
[ 5 13  8]
[ 5 13  9]
[ 5 13 11]
[ 5 13 12]
[ 5 13 14]
[ 5 13 16]
[ 5 13 17]
[ 5 14  3]
[ 5 14  9]
[ 5 14 11]
[ 5 14 13]
[ 5 14 17]
[ 5 16  3]
[ 5 16  7]
[ 5 16  9]
[ 5 16 11]
[ 5 16 13]
[ 5 16 17]
[ 5 17  2]
[ 5 17  3]
[ 5 17  4]
[ 5 17  6]
[ 5 17  7]
[ 5 17  8]
[ 5 17  9]
[ 5 17 11]
[ 5 17 12]
[ 5 17 13]
[ 5 17 14]
[ 5 17 16]
[6 5 7]
[ 6  5 11]
[ 6  5 13]
[ 6  5 17]
[6 7 5]
[ 6  7 11]
[ 6  7 13]
[ 6  7 17]
[ 6 11  5]
[ 6 11  7]
[ 6 11 13]
[ 6 11 17]
[ 6 13  5]
[ 6 13  7]
[ 6 13 11]
[ 6 13 17]
[ 6 17  5]
[ 6 17  7]
[ 6 17 11]
[ 6 17 13]
[7 2 3]
[7 2 5]
[7 2 9]
[ 7  2 11]
[ 7  2 13]
[ 7  2 15]
[ 7  2 17]
[7 3 2]
[7 3 4]
[7 3 5]
[7 3 8]
[ 7  3 10]
[ 7  3 11]
[ 7  3 13]
[ 7  3 16]
[ 7  3 17]
[7 4 3]
[7 4 5]
[7 4 9]
[ 7  4 11]
[ 7  4 13]
[ 7  4 15]
[ 7  4 17]
[7 5 2]
[7 5 3]
[7 5 4]
[7 5 6]
[7 5 8]
[7 5 9]
[ 7  5 11]
[ 7  5 12]
[ 7  5 13]
[ 7  5 16]
[ 7  5 17]
[7 6 5]
[ 7  6 11]
[ 7  6 13]
[ 7  6 17]
[7 8 3]
[7 8 5]
[7 8 9]
[ 7  8 11]
[ 7  8 13]
[ 7  8 15]
[ 7  8 17]
[7 9 2]
[7 9 4]
[7 9 5]
[7 9 8]
[ 7  9 10]
[ 7  9 11]
[ 7  9 13]
[ 7  9 16]
[ 7  9 17]
[ 7 10  3]
[ 7 10  9]
[ 7 10 11]
[ 7 10 13]
[ 7 10 17]
[ 7 11  2]
[ 7 11  3]
[ 7 11  4]
[ 7 11  5]
[ 7 11  6]
[ 7 11  8]
[ 7 11  9]
[ 7 11 10]
[ 7 11 12]
[ 7 11 13]
[ 7 11 15]
[ 7 11 16]
[ 7 11 17]
[ 7 12  5]
[ 7 12 11]
[ 7 12 13]
[ 7 12 17]
[ 7 13  2]
[ 7 13  3]
[ 7 13  4]
[ 7 13  5]
[ 7 13  6]
[ 7 13  8]
[ 7 13  9]
[ 7 13 10]
[ 7 13 11]
[ 7 13 12]
[ 7 13 15]
[ 7 13 16]
[ 7 13 17]
[ 7 15  2]
[ 7 15  4]
[ 7 15  8]
[ 7 15 11]
[ 7 15 13]
[ 7 15 16]
[ 7 15 17]
[ 7 16  3]
[ 7 16  5]
[ 7 16  9]
[ 7 16 11]
[ 7 16 13]
[ 7 16 15]
[ 7 16 17]
[ 7 17  2]
[ 7 17  3]
[ 7 17  4]
[ 7 17  5]
[ 7 17  6]
[ 7 17  8]
[ 7 17  9]
[ 7 17 10]
[ 7 17 11]
[ 7 17 12]
[ 7 17 13]
[ 7 17 15]
[ 7 17 16]
[8 3 5]
[8 3 7]
[ 8  3 11]
[ 8  3 13]
[ 8  3 17]
[8 5 3]
[8 5 7]
[8 5 9]
[ 8  5 11]
[ 8  5 13]
[ 8  5 17]
[8 7 3]
[8 7 5]
[8 7 9]
[ 8  7 11]
[ 8  7 13]
[ 8  7 15]
[ 8  7 17]
[8 9 5]
[8 9 7]
[ 8  9 11]
[ 8  9 13]
[ 8  9 17]
[ 8 11  3]
[ 8 11  5]
[ 8 11  7]
[ 8 11  9]
[ 8 11 13]
[ 8 11 15]
[ 8 11 17]
[ 8 13  3]
[ 8 13  5]
[ 8 13  7]
[ 8 13  9]
[ 8 13 11]
[ 8 13 15]
[ 8 13 17]
[ 8 15  7]
[ 8 15 11]
[ 8 15 13]
[ 8 15 17]
[ 8 17  3]
[ 8 17  5]
[ 8 17  7]
[ 8 17  9]
[ 8 17 11]
[ 8 17 13]
[ 8 17 15]
[9 2 5]
[9 2 7]
[ 9  2 11]
[ 9  2 13]
[ 9  2 17]
[9 4 5]
[9 4 7]
[ 9  4 11]
[ 9  4 13]
[ 9  4 17]
[9 5 2]
[9 5 4]
[9 5 7]
[9 5 8]
[ 9  5 11]
[ 9  5 13]
[ 9  5 14]
[ 9  5 16]
[ 9  5 17]
[9 7 2]
[9 7 4]
[9 7 5]
[9 7 8]
[ 9  7 10]
[ 9  7 11]
[ 9  7 13]
[ 9  7 16]
[ 9  7 17]
[9 8 5]
[9 8 7]
[ 9  8 11]
[ 9  8 13]
[ 9  8 17]
[ 9 10  7]
[ 9 10 11]
[ 9 10 13]
[ 9 10 17]
[ 9 11  2]
[ 9 11  4]
[ 9 11  5]
[ 9 11  7]
[ 9 11  8]
[ 9 11 10]
[ 9 11 13]
[ 9 11 14]
[ 9 11 16]
[ 9 11 17]
[ 9 13  2]
[ 9 13  4]
[ 9 13  5]
[ 9 13  7]
[ 9 13  8]
[ 9 13 10]
[ 9 13 11]
[ 9 13 14]
[ 9 13 16]
[ 9 13 17]
[ 9 14  5]
[ 9 14 11]
[ 9 14 13]
[ 9 14 17]
[ 9 16  5]
[ 9 16  7]
[ 9 16 11]
[ 9 16 13]
[ 9 16 17]
[ 9 17  2]
[ 9 17  4]
[ 9 17  5]
[ 9 17  7]
[ 9 17  8]
[ 9 17 10]
[ 9 17 11]
[ 9 17 13]
[ 9 17 14]
[ 9 17 16]
[10  3  7]
[10  3 11]
[10  3 13]
[10  3 17]
[10  7  3]
[10  7  9]
[10  7 11]
[10  7 13]
[10  7 17]
[10  9  7]
[10  9 11]
[10  9 13]
[10  9 17]
[10 11  3]
[10 11  7]
[10 11  9]
[10 11 13]
[10 11 17]
[10 13  3]
[10 13  7]
[10 13  9]
[10 13 11]
[10 13 17]
[10 17  3]
[10 17  7]
[10 17  9]
[10 17 11]
[10 17 13]
[11  2  3]
[11  2  5]
[11  2  7]
[11  2  9]
[11  2 13]
[11  2 15]
[11  2 17]
[11  3  2]
[11  3  4]
[11  3  5]
[11  3  7]
[11  3  8]
[11  3 10]
[11  3 13]
[11  3 14]
[11  3 16]
[11  3 17]
[11  4  3]
[11  4  5]
[11  4  7]
[11  4  9]
[11  4 13]
[11  4 15]
[11  4 17]
[11  5  2]
[11  5  3]
[11  5  4]
[11  5  6]
[11  5  7]
[11  5  8]
[11  5  9]
[11  5 12]
[11  5 13]
[11  5 14]
[11  5 16]
[11  5 17]
[11  6  5]
[11  6  7]
[11  6 13]
[11  6 17]
[11  7  2]
[11  7  3]
[11  7  4]
[11  7  5]
[11  7  6]
[11  7  8]
[11  7  9]
[11  7 10]
[11  7 12]
[11  7 13]
[11  7 15]
[11  7 16]
[11  7 17]
[11  8  3]
[11  8  5]
[11  8  7]
[11  8  9]
[11  8 13]
[11  8 15]
[11  8 17]
[11  9  2]
[11  9  4]
[11  9  5]
[11  9  7]
[11  9  8]
[11  9 10]
[11  9 13]
[11  9 14]
[11  9 16]
[11  9 17]
[11 10  3]
[11 10  7]
[11 10  9]
[11 10 13]
[11 10 17]
[11 12  5]
[11 12  7]
[11 12 13]
[11 12 17]
[11 13  2]
[11 13  3]
[11 13  4]
[11 13  5]
[11 13  6]
[11 13  7]
[11 13  8]
[11 13  9]
[11 13 10]
[11 13 12]
[11 13 14]
[11 13 15]
[11 13 16]
[11 13 17]
[11 14  3]
[11 14  5]
[11 14  9]
[11 14 13]
[11 14 15]
[11 14 17]
[11 15  2]
[11 15  4]
[11 15  7]
[11 15  8]
[11 15 13]
[11 15 14]
[11 15 16]
[11 15 17]
[11 16  3]
[11 16  5]
[11 16  7]
[11 16  9]
[11 16 13]
[11 16 15]
[11 16 17]
[11 17  2]
[11 17  3]
[11 17  4]
[11 17  5]
[11 17  6]
[11 17  7]
[11 17  8]
[11 17  9]
[11 17 10]
[11 17 12]
[11 17 13]
[11 17 14]
[11 17 15]
[11 17 16]
[12  5  7]
[12  5 11]
[12  5 13]
[12  5 17]
[12  7  5]
[12  7 11]
[12  7 13]
[12  7 17]
[12 11  5]
[12 11  7]
[12 11 13]
[12 11 17]
[12 13  5]
[12 13  7]
[12 13 11]
[12 13 17]
[12 17  5]
[12 17  7]
[12 17 11]
[12 17 13]
[13  2  3]
[13  2  5]
[13  2  7]
[13  2  9]
[13  2 11]
[13  2 15]
[13  2 17]
[13  3  2]
[13  3  4]
[13  3  5]
[13  3  7]
[13  3  8]
[13  3 10]
[13  3 11]
[13  3 14]
[13  3 16]
[13  3 17]
[13  4  3]
[13  4  5]
[13  4  7]
[13  4  9]
[13  4 11]
[13  4 15]
[13  4 17]
[13  5  2]
[13  5  3]
[13  5  4]
[13  5  6]
[13  5  7]
[13  5  8]
[13  5  9]
[13  5 11]
[13  5 12]
[13  5 14]
[13  5 16]
[13  5 17]
[13  6  5]
[13  6  7]
[13  6 11]
[13  6 17]
[13  7  2]
[13  7  3]
[13  7  4]
[13  7  5]
[13  7  6]
[13  7  8]
[13  7  9]
[13  7 10]
[13  7 11]
[13  7 12]
[13  7 15]
[13  7 16]
[13  7 17]
[13  8  3]
[13  8  5]
[13  8  7]
[13  8  9]
[13  8 11]
[13  8 15]
[13  8 17]
[13  9  2]
[13  9  4]
[13  9  5]
[13  9  7]
[13  9  8]
[13  9 10]
[13  9 11]
[13  9 14]
[13  9 16]
[13  9 17]
[13 10  3]
[13 10  7]
[13 10  9]
[13 10 11]
[13 10 17]
[13 11  2]
[13 11  3]
[13 11  4]
[13 11  5]
[13 11  6]
[13 11  7]
[13 11  8]
[13 11  9]
[13 11 10]
[13 11 12]
[13 11 14]
[13 11 15]
[13 11 16]
[13 11 17]
[13 12  5]
[13 12  7]
[13 12 11]
[13 12 17]
[13 14  3]
[13 14  5]
[13 14  9]
[13 14 11]
[13 14 15]
[13 14 17]
[13 15  2]
[13 15  4]
[13 15  7]
[13 15  8]
[13 15 11]
[13 15 14]
[13 15 16]
[13 15 17]
[13 16  3]
[13 16  5]
[13 16  7]
[13 16  9]
[13 16 11]
[13 16 15]
[13 16 17]
[13 17  2]
[13 17  3]
[13 17  4]
[13 17  5]
[13 17  6]
[13 17  7]
[13 17  8]
[13 17  9]
[13 17 10]
[13 17 11]
[13 17 12]
[13 17 14]
[13 17 15]
[13 17 16]
[14  3  5]
[14  3 11]
[14  3 13]
[14  3 17]
[14  5  3]
[14  5  9]
[14  5 11]
[14  5 13]
[14  5 17]
[14  9  5]
[14  9 11]
[14  9 13]
[14  9 17]
[14 11  3]
[14 11  5]
[14 11  9]
[14 11 13]
[14 11 15]
[14 11 17]
[14 13  3]
[14 13  5]
[14 13  9]
[14 13 11]
[14 13 15]
[14 13 17]
[14 15 11]
[14 15 13]
[14 15 17]
[14 17  3]
[14 17  5]
[14 17  9]
[14 17 11]
[14 17 13]
[14 17 15]
[15  2  7]
[15  2 11]
[15  2 13]
[15  2 17]
[15  4  7]
[15  4 11]
[15  4 13]
[15  4 17]
[15  7  2]
[15  7  4]
[15  7  8]
[15  7 11]
[15  7 13]
[15  7 16]
[15  7 17]
[15  8  7]
[15  8 11]
[15  8 13]
[15  8 17]
[15 11  2]
[15 11  4]
[15 11  7]
[15 11  8]
[15 11 13]
[15 11 14]
[15 11 16]
[15 11 17]
[15 13  2]
[15 13  4]
[15 13  7]
[15 13  8]
[15 13 11]
[15 13 14]
[15 13 16]
[15 13 17]
[15 14 11]
[15 14 13]
[15 14 17]
[15 16  7]
[15 16 11]
[15 16 13]
[15 16 17]
[15 17  2]
[15 17  4]
[15 17  7]
[15 17  8]
[15 17 11]
[15 17 13]
[15 17 14]
[15 17 16]
[16  3  5]
[16  3  7]
[16  3 11]
[16  3 13]
[16  3 17]
[16  5  3]
[16  5  7]
[16  5  9]
[16  5 11]
[16  5 13]
[16  5 17]
[16  7  3]
[16  7  5]
[16  7  9]
[16  7 11]
[16  7 13]
[16  7 15]
[16  7 17]
[16  9  5]
[16  9  7]
[16  9 11]
[16  9 13]
[16  9 17]
[16 11  3]
[16 11  5]
[16 11  7]
[16 11  9]
[16 11 13]
[16 11 15]
[16 11 17]
[16 13  3]
[16 13  5]
[16 13  7]
[16 13  9]
[16 13 11]
[16 13 15]
[16 13 17]
[16 15  7]
[16 15 11]
[16 15 13]
[16 15 17]
[16 17  3]
[16 17  5]
[16 17  7]
[16 17  9]
[16 17 11]
[16 17 13]
[16 17 15]
[17  2  3]
[17  2  5]
[17  2  7]
[17  2  9]
[17  2 11]
[17  2 13]
[17  2 15]
[17  3  2]
[17  3  4]
[17  3  5]
[17  3  7]
[17  3  8]
[17  3 10]
[17  3 11]
[17  3 13]
[17  3 14]
[17  3 16]
[17  4  3]
[17  4  5]
[17  4  7]
[17  4  9]
[17  4 11]
[17  4 13]
[17  4 15]
[17  5  2]
[17  5  3]
[17  5  4]
[17  5  6]
[17  5  7]
[17  5  8]
[17  5  9]
[17  5 11]
[17  5 12]
[17  5 13]
[17  5 14]
[17  5 16]
[17  6  5]
[17  6  7]
[17  6 11]
[17  6 13]
[17  7  2]
[17  7  3]
[17  7  4]
[17  7  5]
[17  7  6]
[17  7  8]
[17  7  9]
[17  7 10]
[17  7 11]
[17  7 12]
[17  7 13]
[17  7 15]
[17  7 16]
[17  8  3]
[17  8  5]
[17  8  7]
[17  8  9]
[17  8 11]
[17  8 13]
[17  8 15]
[17  9  2]
[17  9  4]
[17  9  5]
[17  9  7]
[17  9  8]
[17  9 10]
[17  9 11]
[17  9 13]
[17  9 14]
[17  9 16]
[17 10  3]
[17 10  7]
[17 10  9]
[17 10 11]
[17 10 13]
[17 11  2]
[17 11  3]
[17 11  4]
[17 11  5]
[17 11  6]
[17 11  7]
[17 11  8]
[17 11  9]
[17 11 10]
[17 11 12]
[17 11 13]
[17 11 14]
[17 11 15]
[17 11 16]
[17 12  5]
[17 12  7]
[17 12 11]
[17 12 13]
[17 13  2]
[17 13  3]
[17 13  4]
[17 13  5]
[17 13  6]
[17 13  7]
[17 13  8]
[17 13  9]
[17 13 10]
[17 13 11]
[17 13 12]
[17 13 14]
[17 13 15]
[17 13 16]
[17 14  3]
[17 14  5]
[17 14  9]
[17 14 11]
[17 14 13]
[17 14 15]
[17 15  2]
[17 15  4]
[17 15  7]
[17 15  8]
[17 15 11]
[17 15 13]
[17 15 14]
[17 15 16]
[17 16  3]
[17 16  5]
[17 16  7]
[17 16  9]
[17 16 11]
[17 16 13]
[17 16 15]
