###############################################
# Alcances iniciales
# Version 1
# 
###############################################
0.02853574
0.02692091
0.02572991
0.02502443
0.023588
0.02214616
0.02101512
0.02126194
0.02240044
0.02377847
0.02517761
0.0259986
0.0272381
0.02881718
0.030656
0.03268179
0.03483215
0.03705533
0.03927424
0.04084062
0.04232243
0.04371237
0.04500455
0.04619435
0.04727827
0.0482538
0.04911934
0.04987417
0.05051832
0.05105258
0.05147842
0.05179794
0.05201386
0.05212946
0.05214854
0.05207536
0.05201386
0.05212946
0.05214854
0.05207536
0.05191464
0.05167146
0.05135125
0.05095971
0.05050277
0.04998651
0.0494171
0.04880075
0.0481436
0.04745167
0.04673078
0.04598644
0.04522381
0.04444758
0.04366194
0.04287045
0.04207605
0.04128095
0.04048661
0.03969376
0.03890233
0.03811152
0.03731978
0.03652494
0.03572421
0.03491428
0.03409146
0.03325175
0.03239096
0.03150487
0.03058932
0.02964036
0.02865442
0.02762838
0.02646728
0.02484707
0.02319567
0.02152948
0.01987226
0.01825798
0.01673478
0.01536937
0.01424997
0.01348241
0.01317205
0.01285176
0.01184543
0.01178121
0.01294581
0.01317205
0.01339099
0.0141493
0.01539542
0.01704384
0.019005
0.0212014
0.0235715
0.02606768
0.02865297
0.03129793
0.03397848
0.03667421
0.03936737
0.04204207
0.04468384
0.04648635
0.04819575
0.04981167
0.0513271
0.05273551
0.05403079
0.05520736
0.05626012
0.0571845
0.05797649
0.05863267
0.05915019
0.05952686
0.05976112
0.05985212
0.05979969
0.05960441
0.05976112
0.05985212
0.05979969
0.05960441
0.05926764
0.05879153
0.05817909
0.0574342
0.05656171
0.05556742
0.05445825
0.05324223
0.05192866
0.0505282
0.049053
0.04751691
0.04593559
0.04432679
0.0427105
0.04110917
0.03954787
0.03805427
0.03665851
0.03539265
0.03428968
0.03338203
0.0326994
0.03321724
0.03408601
0.03516178
0.03641306
0.03780707
0.03931147
0.04089552
0.04253076
0.04419126
0.04585371
0.04749726
0.04910343
0.05065584
0.05214006
0.05354344
0.05485491
0.0560649
0.05716521
0.05814893
0.05901035
0.05974494
0.06034931
0.06082115
0.06115923
0.06136341
0.0614346
0.06137478
0.06118702
0.06136341
0.0614346
0.06137478
0.06118702
0.06087547
0.0604454
0.05990323
0.05925652
0.05851404
0.0576858
0.05678304
0.05581828
0.05480536
0.05375939
0.05269674
0.05163495
0.05059261
0.04958915
0.04864453
0.04777879
0.04701157
0.04636143
0.04584512
0.04564014
0.04609201
0.04669411
0.04743289
0.04829217
0.04925385
0.05029866
0.05140679
0.05255844
0.05373423
0.05491551
0.05608455
0.05722473
0.05832057
0.0593578
0.06032335
0.06120532
0.06199302
0.06267686
0.06324835
0.06370008
0.06402568
0.06421976
0.06427791
0.06419666
0.06402568
0.06421976
0.06427791
0.06419666
0.06397348
0.06360672
0.0630956
0.06244022
0.06164152
0.06070128
0.0596221
0.0584074
0.05706145
0.05558935
0.05399702
0.05229132
0.05048
0.04857183
0.04603706
0.04325287
0.04049305
0.03779235
0.03519222
0.03274217
0.03050081
0.02853574
0.02692091
0.02572991
0.02502443
0.023588
0.02214616
0.02101512
0.02126194
0.02240044
0.02377847
0.02517761
0.0259986
0.0272381
0.02881718
0.030656
0.03268179
0.03483215
0.03705533
0.03927424
0.04084062
0.04232243
0.04371237
0.04500455
0.04619435
0.04727827
0.0482538
0.04911934
0.04987417
0.05051832
0.05105258
0.05147842
0.05179794
0.05201386
0.05212946
0.05214854
0.05207536
0.05201386
0.05212946
0.05214854
0.05207536
0.05191464
0.05167146
0.05135125
0.05095971
0.05050277
0.04998651
0.0494171
0.04880075
0.0481436
0.04745167
0.04673078
0.04598644
0.04522381
0.04444758
0.04366194
0.04287045
0.04207605
0.04128095
0.04048661
0.03969376
0.03890233
0.03811152
0.03731978
0.03652494
0.03572421
0.03491428
0.03409146
0.03325175
0.03239096
0.03150487
0.03058932
0.02964036
0.02865442
0.02762838
0.02646728
0.02484707
0.02319567
0.02152948
0.01987226
0.01825798
0.01673478
0.01536937
0.01424997
0.01348241
0.01317205
0.01285176
0.01184543
0.01178121
0.01294581
0.01317205
0.01339099
0.0141493
0.01539542
0.01704384
0.019005
0.0212014
0.0235715
0.02606768
0.02865297
0.03129793
0.03397848
0.03667421
0.03936737
0.04204207
0.04468384
0.04648635
0.04819575
0.04981167
0.0513271
0.05273551
0.05403079
0.05520736
0.05626012
0.0571845
0.05797649
0.05863267
0.05915019
0.05952686
0.05976112
0.05985212
0.05979969
0.05960441
0.05976112
0.05985212
0.05979969
0.05960441
0.05926764
0.05879153
0.05817909
0.0574342
0.05656171
0.05556742
0.05445825
0.05324223
0.05192866
0.0505282
0.049053
0.04751691
0.04593559
0.04432679
0.0427105
0.04110917
0.03954787
0.03805427
0.03665851
0.03539265
0.03428968
0.03338203
0.0326994
0.03321724
0.03408601
0.03516178
0.03641306
0.03780707
0.03931147
0.04089552
0.04253076
0.04419126
0.04585371
0.04749726
0.04910343
0.05065584
0.05214006
0.05354344
0.05485491
0.0560649
0.05716521
0.05814893
0.05901035
0.05974494
0.06034931
0.06082115
0.06115923
0.06136341
0.0614346
0.06137478
0.06118702
0.06136341
0.0614346
0.06137478
0.06118702
0.06087547
0.0604454
0.05990323
0.05925652
0.05851404
0.0576858
0.05678304
0.05581828
0.05480536
0.05375939
0.05269674
0.05163495
0.05059261
0.04958915
0.04864453
0.04777879
0.04701157
0.04636143
0.04584512
0.04564014
0.04609201
0.04669411
0.04743289
0.04829217
0.04925385
0.05029866
0.05140679
0.05255844
0.05373423
0.05491551
0.05608455
0.05722473
0.05832057
0.0593578
0.06032335
0.06120532
0.06199302
0.06267686
0.06324835
0.06370008
0.06402568
0.06421976
0.06427791
0.06419666
0.06402568
0.06421976
0.06427791
0.06419666
0.06397348
0.06360672
0.0630956
0.06244022
0.06164152
0.06070128
0.0596221
0.0584074
0.05706145
0.05558935
0.05399702
0.05229132
0.05048
0.04857183
0.04603706
0.04450557
0.04049305
0.03779235
0.03519222
0.03274217
0.03050081
